0.415486313
0.982950991
0.107951975
0.294864527
0.47750331
0.826156109
0.598144795
0.000167743
0.449529339
0.578268985
0.247031399
0.122391393
0.762496215
0.641062671
0.831755042
0.062228787
0.807237812
0.325491117
0.564025371
0.184477212
0.742573443
0.525186076
0.553436686
0.63300486
0.477488209
0.713065478
0.763778159
0.522231642
0.965621467
0.212104776
0.187687656
0.778214715
0.362838472
0.605601659
0.174231476
0.222613318
0.243661639
0.143094686
0.213170072
0.985938196
